1006    01/01/2019  30.89   178
1017    08/01/2019  58.41   429
1010    15/01/2019  30.59   29
1001    22/01/2019  71.55   483
1021    29/01/2019  96.45   428
1006    05/02/2019  60.55   297
1025    12/02/2019  39.92   13
1008    19/02/2019  105.63  393
1019    26/02/2019  43.93   464
1005    05/03/2019  118.76  282
1026    12/03/2019  31.52   357
1014    19/03/2019  82.83   427
1025    26/03/2019  49.57   492
1014    02/04/2019  102.13  392
1008    09/04/2019  32.73   486
1006    16/04/2019  77.05   343
1016    23/04/2019  72.37   421
1004    30/04/2019  63.99   21
1013    07/05/2019  112.86  146
1010    14/05/2019  74.48   54
1000    21/05/2019  29.87   462
1024    28/05/2019  56.43   2
1021    04/06/2019  21.54   67
1012    11/06/2019  110.95  498
1021    18/06/2019  114.37  169
1002    25/06/2019  59.79   204
1024    02/07/2019  63.21   478
1008    09/07/2019  44.70   25
1012    16/07/2019  112.26  56
1007    23/07/2019  118.04  488
1020    30/07/2019  97.91   346
1005    06/08/2019  56.52   225
1007    13/08/2019  69.73   141
1003    20/08/2019  80.86   5
1016    27/08/2019  102.80  13
1003    03/09/2019  106.12  186
1028    10/09/2019  81.82   359
1029    17/09/2019  40.53   420
1010    24/09/2019  77.26   395
1012    01/10/2019  36.85   34
1008    08/10/2019  68.58   250
1000    15/10/2019  117.62  340
1007    22/10/2019  24.62   26
1002    29/10/2019  113.95  193
1001    05/11/2019  42.07   242
1005    12/11/2019  93.19   374
1005    19/11/2019  98.08   491
1025    26/11/2019  101.37  183
1024    03/12/2019  60.93   76
1028    10/12/2019  107.33  486
1007    17/12/2019  55.10   168
1020    24/12/2019  31.04   410
1002    31/12/2019  115.53  102